# Created by Octave 3.2.4, Tue Jun 18 16:51:24 2013 India Standard Time <unknown@unknown>
# name: Z
# type: matrix
# rows: 50
# columns: 1
 5.548237867366174
 7.582062360716588
 4.50014283541325
 4.058027659325746
 3.818369241157424
 3.441255576316418
 2.210582244899559
 2.304369869941298
 2.000281865842376
 2.609139686878209
 1.528987011323157
 0.8881924682862493
 2.504070730435898
 3.048176732469659
 0.9702670471263622
 1.408427079745637
 0.7274156190986112
 0.7262546239371857
 0.2466897046249658
 -0.2846674992055138
 -0.6378467745924418
 -0.4717496689954659
 -1.306980012259657
 -0.6912711868613216
 -0.8473314922647537
 -0.5146228333833258
 -0.6374972079071191
 -1.142807131100134
 0.09568741955790108
 -0.3081125904635169
 -1.079465475710007
 -1.451993931535817
 -1.193590197833368
 -0.8284250932982424
 -1.757098925507541
 -2.032201879343079
 -2.36370313579742
 -1.392239188560465
 -2.317816222027877
 -2.337401820347299
 -1.60446634535837
 -2.128442267318182
 -2.231127721011573
 -2.34900606157267
 -2.942079939495311
 -2.308635662473544
 -2.900649583584296
 -3.061658205712813
 -3.80448550603165
 -3.289264084909886
